4
15
36
71
109
158
225
289
376
467
558
674
866
957
1096
1323
1463
1849
1727
1882
2099
2313
2511
2724
2979
3214
3470
3750
3995
4368
4878
5980
5612
6656
8377
8251
8521
8940
9576
10146
10075
10761
11120
11702
12771
13149
14360
14519
14801
15225
15930
17034
15589
15084
15596
16418
16714
17139
17700
19001
19666
19957
20162
19725
20196
21667
22161
22738
24260
23641
24176
26993
26503
26980
28459
29085
28828
28986
30358
30893
31929
32198
33459
33780
35664
35387
40157
45495
42402
43636
46508
47633
52875
51490
47527
49737
56444
58991
54705
51171
